X Observer location in tower-base coordinate X horizontal  (m), Y Observer location in tower-base coordinate Y Lateral (m), Z Observer location in tower-base coordinate Z Vertical (m)    
-100	100	2
-93.10344828	100	2
-86.20689655	100	2
-79.31034483	100	2
-72.4137931	100	2
-65.51724138	100	2
-58.62068966	100	2
-51.72413793	100	2
-44.82758621	100	2
-37.93103448	100	2
-31.03448276	100	2
-24.13793103	100	2
-17.24137931	100	2
-10.34482759	100	2
-3.448275862	100	2
3.448275862	100	2
10.34482759	100	2
17.24137931	100	2
24.13793103	100	2
31.03448276	100	2
37.93103448	100	2
44.82758621	100	2
51.72413793	100	2
58.62068966	100	2
65.51724138	100	2
72.4137931	100	2
79.31034483	100	2
86.20689655	100	2
93.10344828	100	2
100	100	2
-100	93.10344828	2
-93.10344828	93.10344828	2
-86.20689655	93.10344828	2
-79.31034483	93.10344828	2
-72.4137931	93.10344828	2
-65.51724138	93.10344828	2
-58.62068966	93.10344828	2
-51.72413793	93.10344828	2
-44.82758621	93.10344828	2
-37.93103448	93.10344828	2
-31.03448276	93.10344828	2
-24.13793103	93.10344828	2
-17.24137931	93.10344828	2
-10.34482759	93.10344828	2
-3.448275862	93.10344828	2
3.448275862	93.10344828	2
10.34482759	93.10344828	2
17.24137931	93.10344828	2
24.13793103	93.10344828	2
31.03448276	93.10344828	2
37.93103448	93.10344828	2
44.82758621	93.10344828	2
51.72413793	93.10344828	2
58.62068966	93.10344828	2
65.51724138	93.10344828	2
72.4137931	93.10344828	2
79.31034483	93.10344828	2
86.20689655	93.10344828	2
93.10344828	93.10344828	2
100	93.10344828	2
-100	89.65517241	2
-93.10344828	89.65517241	2
-86.20689655	89.65517241	2
-79.31034483	89.65517241	2
-72.4137931	89.65517241	2
-65.51724138	89.65517241	2
-58.62068966	89.65517241	2
-51.72413793	89.65517241	2
-44.82758621	89.65517241	2
-37.93103448	89.65517241	2
-31.03448276	89.65517241	2
-24.13793103	89.65517241	2
-17.24137931	89.65517241	2
-10.34482759	89.65517241	2
-3.448275862	89.65517241	2
3.448275862	89.65517241	2
10.34482759	89.65517241	2
17.24137931	89.65517241	2
24.13793103	89.65517241	2
31.03448276	89.65517241	2
37.93103448	89.65517241	2
44.82758621	89.65517241	2
51.72413793	89.65517241	2
58.62068966	89.65517241	2
65.51724138	89.65517241	2
72.4137931	89.65517241	2
79.31034483	89.65517241	2
86.20689655	89.65517241	2
93.10344828	89.65517241	2
100	89.65517241	2
-100	86.20689655	2
-93.10344828	86.20689655	2
-86.20689655	86.20689655	2
-79.31034483	86.20689655	2
-72.4137931	86.20689655	2
-65.51724138	86.20689655	2
-58.62068966	86.20689655	2
-51.72413793	86.20689655	2
-44.82758621	86.20689655	2
-37.93103448	86.20689655	2
-31.03448276	86.20689655	2
-24.13793103	86.20689655	2
-17.24137931	86.20689655	2
-10.34482759	86.20689655	2
-3.448275862	86.20689655	2
3.448275862	86.20689655	2
10.34482759	86.20689655	2
17.24137931	86.20689655	2
24.13793103	86.20689655	2
31.03448276	86.20689655	2
37.93103448	86.20689655	2
44.82758621	86.20689655	2
51.72413793	86.20689655	2
58.62068966	86.20689655	2
65.51724138	86.20689655	2
72.4137931	86.20689655	2
79.31034483	86.20689655	2
86.20689655	86.20689655	2
93.10344828	86.20689655	2
100	86.20689655	2
-100	82.75862069	2
-93.10344828	82.75862069	2
-86.20689655	82.75862069	2
-79.31034483	82.75862069	2
-72.4137931	82.75862069	2
-65.51724138	82.75862069	2
-58.62068966	82.75862069	2
-51.72413793	82.75862069	2
-44.82758621	82.75862069	2
-37.93103448	82.75862069	2
-31.03448276	82.75862069	2
-24.13793103	82.75862069	2
-17.24137931	82.75862069	2
-10.34482759	82.75862069	2
-3.448275862	82.75862069	2
3.448275862	82.75862069	2
10.34482759	82.75862069	2
17.24137931	82.75862069	2
24.13793103	82.75862069	2
31.03448276	82.75862069	2
37.93103448	82.75862069	2
44.82758621	82.75862069	2
51.72413793	82.75862069	2
58.62068966	82.75862069	2
65.51724138	82.75862069	2
72.4137931	82.75862069	2
79.31034483	82.75862069	2
86.20689655	82.75862069	2
93.10344828	82.75862069	2
100	82.75862069	2
-100	79.31034483	2
-93.10344828	79.31034483	2
-86.20689655	79.31034483	2
-79.31034483	79.31034483	2
-72.4137931	79.31034483	2
-65.51724138	79.31034483	2
-58.62068966	79.31034483	2
-51.72413793	79.31034483	2
-44.82758621	79.31034483	2
-37.93103448	79.31034483	2
-31.03448276	79.31034483	2
-24.13793103	79.31034483	2
-17.24137931	79.31034483	2
-10.34482759	79.31034483	2
-3.448275862	79.31034483	2
3.448275862	79.31034483	2
10.34482759	79.31034483	2
17.24137931	79.31034483	2
24.13793103	79.31034483	2
31.03448276	79.31034483	2
37.93103448	79.31034483	2
44.82758621	79.31034483	2
51.72413793	79.31034483	2
58.62068966	79.31034483	2
65.51724138	79.31034483	2
72.4137931	79.31034483	2
79.31034483	79.31034483	2
86.20689655	79.31034483	2
93.10344828	79.31034483	2
100	79.31034483	2
-100	75.86206897	2
-93.10344828	75.86206897	2
-86.20689655	75.86206897	2
-79.31034483	75.86206897	2
-72.4137931	75.86206897	2
-65.51724138	75.86206897	2
-58.62068966	75.86206897	2
-51.72413793	75.86206897	2
-44.82758621	75.86206897	2
-37.93103448	75.86206897	2
-31.03448276	75.86206897	2
-24.13793103	75.86206897	2
-17.24137931	75.86206897	2
-10.34482759	75.86206897	2
-3.448275862	75.86206897	2
3.448275862	75.86206897	2
10.34482759	75.86206897	2
17.24137931	75.86206897	2
24.13793103	75.86206897	2
31.03448276	75.86206897	2
37.93103448	75.86206897	2
44.82758621	75.86206897	2
51.72413793	75.86206897	2
58.62068966	75.86206897	2
65.51724138	75.86206897	2
72.4137931	75.86206897	2
79.31034483	75.86206897	2
86.20689655	75.86206897	2
93.10344828	75.86206897	2
100	75.86206897	2
-100	72.4137931	2
-93.10344828	72.4137931	2
-86.20689655	72.4137931	2
-79.31034483	72.4137931	2
-72.4137931	72.4137931	2
-65.51724138	72.4137931	2
-58.62068966	72.4137931	2
-51.72413793	72.4137931	2
-44.82758621	72.4137931	2
-37.93103448	72.4137931	2
-31.03448276	72.4137931	2
-24.13793103	72.4137931	2
-17.24137931	72.4137931	2
-10.34482759	72.4137931	2
-3.448275862	72.4137931	2
3.448275862	72.4137931	2
10.34482759	72.4137931	2
17.24137931	72.4137931	2
24.13793103	72.4137931	2
31.03448276	72.4137931	2
37.93103448	72.4137931	2
44.82758621	72.4137931	2
51.72413793	72.4137931	2
58.62068966	72.4137931	2
65.51724138	72.4137931	2
72.4137931	72.4137931	2
79.31034483	72.4137931	2
86.20689655	72.4137931	2
93.10344828	72.4137931	2
100	72.4137931	2
-100	68.96551724	2
-93.10344828	68.96551724	2
-86.20689655	68.96551724	2
-79.31034483	68.96551724	2
-72.4137931	68.96551724	2
-65.51724138	68.96551724	2
-58.62068966	68.96551724	2
-51.72413793	68.96551724	2
-44.82758621	68.96551724	2
-37.93103448	68.96551724	2
-31.03448276	68.96551724	2
-24.13793103	68.96551724	2
-17.24137931	68.96551724	2
-10.34482759	68.96551724	2
-3.448275862	68.96551724	2
3.448275862	68.96551724	2
10.34482759	68.96551724	2
17.24137931	68.96551724	2
24.13793103	68.96551724	2
31.03448276	68.96551724	2
37.93103448	68.96551724	2
44.82758621	68.96551724	2
51.72413793	68.96551724	2
58.62068966	68.96551724	2
65.51724138	68.96551724	2
72.4137931	68.96551724	2
79.31034483	68.96551724	2
86.20689655	68.96551724	2
93.10344828	68.96551724	2
100	68.96551724	2
-100	65.51724138	2
-93.10344828	65.51724138	2
-86.20689655	65.51724138	2
-79.31034483	65.51724138	2
-72.4137931	65.51724138	2
-65.51724138	65.51724138	2
-58.62068966	65.51724138	2
-51.72413793	65.51724138	2
-44.82758621	65.51724138	2
-37.93103448	65.51724138	2
-31.03448276	65.51724138	2
-24.13793103	65.51724138	2
-17.24137931	65.51724138	2
-10.34482759	65.51724138	2
-3.448275862	65.51724138	2
3.448275862	65.51724138	2
10.34482759	65.51724138	2
17.24137931	65.51724138	2
24.13793103	65.51724138	2
31.03448276	65.51724138	2
37.93103448	65.51724138	2
44.82758621	65.51724138	2
51.72413793	65.51724138	2
58.62068966	65.51724138	2
65.51724138	65.51724138	2
72.4137931	65.51724138	2
79.31034483	65.51724138	2
86.20689655	65.51724138	2
93.10344828	65.51724138	2
100	65.51724138	2
-100	65.51724138	2
-93.10344828	65.51724138	2
-86.20689655	65.51724138	2
-79.31034483	65.51724138	2
-72.4137931	65.51724138	2
-65.51724138	65.51724138	2
-58.62068966	65.51724138	2
-51.72413793	65.51724138	2
-44.82758621	65.51724138	2
-37.93103448	65.51724138	2
-31.03448276	65.51724138	2
-24.13793103	65.51724138	2
-17.24137931	65.51724138	2
-10.34482759	65.51724138	2
-3.448275862	65.51724138	2
3.448275862	65.51724138	2
10.34482759	65.51724138	2
17.24137931	65.51724138	2
24.13793103	65.51724138	2
31.03448276	65.51724138	2
37.93103448	65.51724138	2
44.82758621	65.51724138	2
51.72413793	65.51724138	2
58.62068966	65.51724138	2
65.51724138	65.51724138	2
72.4137931	65.51724138	2
79.31034483	65.51724138	2
86.20689655	65.51724138	2
93.10344828	65.51724138	2
100	65.51724138	2
-100	62.06896552	2
-93.10344828	62.06896552	2
-86.20689655	62.06896552	2
-79.31034483	62.06896552	2
-72.4137931	62.06896552	2
-65.51724138	62.06896552	2
-58.62068966	62.06896552	2
-51.72413793	62.06896552	2
-44.82758621	62.06896552	2
-37.93103448	62.06896552	2
-31.03448276	62.06896552	2
-24.13793103	62.06896552	2
-17.24137931	62.06896552	2
-10.34482759	62.06896552	2
-3.448275862	62.06896552	2
3.448275862	62.06896552	2
10.34482759	62.06896552	2
17.24137931	62.06896552	2
24.13793103	62.06896552	2
31.03448276	62.06896552	2
37.93103448	62.06896552	2
44.82758621	62.06896552	2
51.72413793	62.06896552	2
58.62068966	62.06896552	2
65.51724138	62.06896552	2
72.4137931	62.06896552	2
79.31034483	62.06896552	2
86.20689655	62.06896552	2
93.10344828	62.06896552	2
100	62.06896552	2
-100	58.62068966	2
-93.10344828	58.62068966	2
-86.20689655	58.62068966	2
-79.31034483	58.62068966	2
-72.4137931	58.62068966	2
-65.51724138	58.62068966	2
-58.62068966	58.62068966	2
-51.72413793	58.62068966	2
-44.82758621	58.62068966	2
-37.93103448	58.62068966	2
-31.03448276	58.62068966	2
-24.13793103	58.62068966	2
-17.24137931	58.62068966	2
-10.34482759	58.62068966	2
-3.448275862	58.62068966	2
3.448275862	58.62068966	2
10.34482759	58.62068966	2
17.24137931	58.62068966	2
24.13793103	58.62068966	2
31.03448276	58.62068966	2
37.93103448	58.62068966	2
44.82758621	58.62068966	2
51.72413793	58.62068966	2
58.62068966	58.62068966	2
65.51724138	58.62068966	2
72.4137931	58.62068966	2
79.31034483	58.62068966	2
86.20689655	58.62068966	2
93.10344828	58.62068966	2
100	58.62068966	2
-100	55.17241379	2
-93.10344828	55.17241379	2
-86.20689655	55.17241379	2
-79.31034483	55.17241379	2
-72.4137931	55.17241379	2
-65.51724138	55.17241379	2
-58.62068966	55.17241379	2
-51.72413793	55.17241379	2
-44.82758621	55.17241379	2
-37.93103448	55.17241379	2
-31.03448276	55.17241379	2
-24.13793103	55.17241379	2
-17.24137931	55.17241379	2
-10.34482759	55.17241379	2
-3.448275862	55.17241379	2
3.448275862	55.17241379	2
10.34482759	55.17241379	2
17.24137931	55.17241379	2
24.13793103	55.17241379	2
31.03448276	55.17241379	2
37.93103448	55.17241379	2
44.82758621	55.17241379	2
51.72413793	55.17241379	2
58.62068966	55.17241379	2
65.51724138	55.17241379	2
72.4137931	55.17241379	2
79.31034483	55.17241379	2
86.20689655	55.17241379	2
93.10344828	55.17241379	2
100	55.17241379	2
-100	51.72413793	2
-93.10344828	51.72413793	2
-86.20689655	51.72413793	2
-79.31034483	51.72413793	2
-72.4137931	51.72413793	2
-65.51724138	51.72413793	2
-58.62068966	51.72413793	2
-51.72413793	51.72413793	2
-44.82758621	51.72413793	2
-37.93103448	51.72413793	2
-31.03448276	51.72413793	2
-24.13793103	51.72413793	2
-17.24137931	51.72413793	2
-10.34482759	51.72413793	2
-3.448275862	51.72413793	2
3.448275862	51.72413793	2
10.34482759	51.72413793	2
17.24137931	51.72413793	2
24.13793103	51.72413793	2
31.03448276	51.72413793	2
37.93103448	51.72413793	2
44.82758621	51.72413793	2
51.72413793	51.72413793	2
58.62068966	51.72413793	2
65.51724138	51.72413793	2
72.4137931	51.72413793	2
79.31034483	51.72413793	2
86.20689655	51.72413793	2
93.10344828	51.72413793	2
100	51.72413793	2
-100	48.27586207	2
-93.10344828	48.27586207	2
-86.20689655	48.27586207	2
-79.31034483	48.27586207	2
-72.4137931	48.27586207	2
-65.51724138	48.27586207	2
-58.62068966	48.27586207	2
-51.72413793	48.27586207	2
-44.82758621	48.27586207	2
-37.93103448	48.27586207	2
-31.03448276	48.27586207	2
-24.13793103	48.27586207	2
-17.24137931	48.27586207	2
-10.34482759	48.27586207	2
-3.448275862	48.27586207	2
3.448275862	48.27586207	2
10.34482759	48.27586207	2
17.24137931	48.27586207	2
24.13793103	48.27586207	2
31.03448276	48.27586207	2
37.93103448	48.27586207	2
44.82758621	48.27586207	2
51.72413793	48.27586207	2
58.62068966	48.27586207	2
65.51724138	48.27586207	2
72.4137931	48.27586207	2
79.31034483	48.27586207	2
86.20689655	48.27586207	2
93.10344828	48.27586207	2
100	48.27586207	2
-100	44.82758621	2
-93.10344828	44.82758621	2
-86.20689655	44.82758621	2
-79.31034483	44.82758621	2
-72.4137931	44.82758621	2
-65.51724138	44.82758621	2
-58.62068966	44.82758621	2
-51.72413793	44.82758621	2
-44.82758621	44.82758621	2
-37.93103448	44.82758621	2
-31.03448276	44.82758621	2
-24.13793103	44.82758621	2
-17.24137931	44.82758621	2
-10.34482759	44.82758621	2
-3.448275862	44.82758621	2
3.448275862	44.82758621	2
10.34482759	44.82758621	2
17.24137931	44.82758621	2
24.13793103	44.82758621	2
31.03448276	44.82758621	2
37.93103448	44.82758621	2
44.82758621	44.82758621	2
51.72413793	44.82758621	2
58.62068966	44.82758621	2
65.51724138	44.82758621	2
72.4137931	44.82758621	2
79.31034483	44.82758621	2
86.20689655	44.82758621	2
93.10344828	44.82758621	2
100	44.82758621	2
-100	41.37931034	2
-93.10344828	41.37931034	2
-86.20689655	41.37931034	2
-79.31034483	41.37931034	2
-72.4137931	41.37931034	2
-65.51724138	41.37931034	2
-58.62068966	41.37931034	2
-51.72413793	41.37931034	2
-44.82758621	41.37931034	2
-37.93103448	41.37931034	2
-31.03448276	41.37931034	2
-24.13793103	41.37931034	2
-17.24137931	41.37931034	2
-10.34482759	41.37931034	2
-3.448275862	41.37931034	2
3.448275862	41.37931034	2
10.34482759	41.37931034	2
17.24137931	41.37931034	2
24.13793103	41.37931034	2
31.03448276	41.37931034	2
37.93103448	41.37931034	2
44.82758621	41.37931034	2
51.72413793	41.37931034	2
58.62068966	41.37931034	2
65.51724138	41.37931034	2
72.4137931	41.37931034	2
79.31034483	41.37931034	2
86.20689655	41.37931034	2
93.10344828	41.37931034	2
100	41.37931034	2
-100	37.93103448	2
-93.10344828	37.93103448	2
-86.20689655	37.93103448	2
-79.31034483	37.93103448	2
-72.4137931	37.93103448	2
-65.51724138	37.93103448	2
-58.62068966	37.93103448	2
-51.72413793	37.93103448	2
-44.82758621	37.93103448	2
-37.93103448	37.93103448	2
-31.03448276	37.93103448	2
-24.13793103	37.93103448	2
-17.24137931	37.93103448	2
-10.34482759	37.93103448	2
-3.448275862	37.93103448	2
3.448275862	37.93103448	2
10.34482759	37.93103448	2
17.24137931	37.93103448	2
24.13793103	37.93103448	2
31.03448276	37.93103448	2
37.93103448	37.93103448	2
44.82758621	37.93103448	2
51.72413793	37.93103448	2
58.62068966	37.93103448	2
65.51724138	37.93103448	2
72.4137931	37.93103448	2
79.31034483	37.93103448	2
86.20689655	37.93103448	2
93.10344828	37.93103448	2
100	37.93103448	2
-100	34.48275862	2
-93.10344828	34.48275862	2
-86.20689655	34.48275862	2
-79.31034483	34.48275862	2
-72.4137931	34.48275862	2
-65.51724138	34.48275862	2
-58.62068966	34.48275862	2
-51.72413793	34.48275862	2
-44.82758621	34.48275862	2
-37.93103448	34.48275862	2
-31.03448276	34.48275862	2
-24.13793103	34.48275862	2
-17.24137931	34.48275862	2
-10.34482759	34.48275862	2
-3.448275862	34.48275862	2
3.448275862	34.48275862	2
10.34482759	34.48275862	2
17.24137931	34.48275862	2
24.13793103	34.48275862	2
31.03448276	34.48275862	2
37.93103448	34.48275862	2
44.82758621	34.48275862	2
51.72413793	34.48275862	2
58.62068966	34.48275862	2
65.51724138	34.48275862	2
72.4137931	34.48275862	2
79.31034483	34.48275862	2
86.20689655	34.48275862	2
93.10344828	34.48275862	2
100	34.48275862	2
-100	31.03448276	2
-93.10344828	31.03448276	2
-86.20689655	31.03448276	2
-79.31034483	31.03448276	2
-72.4137931	31.03448276	2
-65.51724138	31.03448276	2
-58.62068966	31.03448276	2
-51.72413793	31.03448276	2
-44.82758621	31.03448276	2
-37.93103448	31.03448276	2
-31.03448276	31.03448276	2
-24.13793103	31.03448276	2
-17.24137931	31.03448276	2
-10.34482759	31.03448276	2
-3.448275862	31.03448276	2
3.448275862	31.03448276	2
10.34482759	31.03448276	2
17.24137931	31.03448276	2
24.13793103	31.03448276	2
31.03448276	31.03448276	2
37.93103448	31.03448276	2
44.82758621	31.03448276	2
51.72413793	31.03448276	2
58.62068966	31.03448276	2
65.51724138	31.03448276	2
72.4137931	31.03448276	2
79.31034483	31.03448276	2
86.20689655	31.03448276	2
93.10344828	31.03448276	2
100	31.03448276	2
-100	27.5862069	2
-93.10344828	27.5862069	2
-86.20689655	27.5862069	2
-79.31034483	27.5862069	2
-72.4137931	27.5862069	2
-65.51724138	27.5862069	2
-58.62068966	27.5862069	2
-51.72413793	27.5862069	2
-44.82758621	27.5862069	2
-37.93103448	27.5862069	2
-31.03448276	27.5862069	2
-24.13793103	27.5862069	2
-17.24137931	27.5862069	2
-10.34482759	27.5862069	2
-3.448275862	27.5862069	2
3.448275862	27.5862069	2
10.34482759	27.5862069	2
17.24137931	27.5862069	2
24.13793103	27.5862069	2
31.03448276	27.5862069	2
37.93103448	27.5862069	2
44.82758621	27.5862069	2
51.72413793	27.5862069	2
58.62068966	27.5862069	2
65.51724138	27.5862069	2
72.4137931	27.5862069	2
79.31034483	27.5862069	2
86.20689655	27.5862069	2
93.10344828	27.5862069	2
100	27.5862069	2
-100	24.13793103	2
-93.10344828	24.13793103	2
-86.20689655	24.13793103	2
-79.31034483	24.13793103	2
-72.4137931	24.13793103	2
-65.51724138	24.13793103	2
-58.62068966	24.13793103	2
-51.72413793	24.13793103	2
-44.82758621	24.13793103	2
-37.93103448	24.13793103	2
-31.03448276	24.13793103	2
-24.13793103	24.13793103	2
-17.24137931	24.13793103	2
-10.34482759	24.13793103	2
-3.448275862	24.13793103	2
3.448275862	24.13793103	2
10.34482759	24.13793103	2
17.24137931	24.13793103	2
24.13793103	24.13793103	2
31.03448276	24.13793103	2
37.93103448	24.13793103	2
44.82758621	24.13793103	2
51.72413793	24.13793103	2
58.62068966	24.13793103	2
65.51724138	24.13793103	2
72.4137931	24.13793103	2
79.31034483	24.13793103	2
86.20689655	24.13793103	2
93.10344828	24.13793103	2
100	24.13793103	2
-100	20.68965517	2
-93.10344828	20.68965517	2
-86.20689655	20.68965517	2
-79.31034483	20.68965517	2
-72.4137931	20.68965517	2
-65.51724138	20.68965517	2
-58.62068966	20.68965517	2
-51.72413793	20.68965517	2
-44.82758621	20.68965517	2
-37.93103448	20.68965517	2
-31.03448276	20.68965517	2
-24.13793103	20.68965517	2
-17.24137931	20.68965517	2
-10.34482759	20.68965517	2
-3.448275862	20.68965517	2
3.448275862	20.68965517	2
10.34482759	20.68965517	2
17.24137931	20.68965517	2
24.13793103	20.68965517	2
31.03448276	20.68965517	2
37.93103448	20.68965517	2
44.82758621	20.68965517	2
51.72413793	20.68965517	2
58.62068966	20.68965517	2
65.51724138	20.68965517	2
72.4137931	20.68965517	2
79.31034483	20.68965517	2
86.20689655	20.68965517	2
93.10344828	20.68965517	2
100	20.68965517	2
-100	17.24137931	2
-93.10344828	17.24137931	2
-86.20689655	17.24137931	2
-79.31034483	17.24137931	2
-72.4137931	17.24137931	2
-65.51724138	17.24137931	2
-58.62068966	17.24137931	2
-51.72413793	17.24137931	2
-44.82758621	17.24137931	2
-37.93103448	17.24137931	2
-31.03448276	17.24137931	2
-24.13793103	17.24137931	2
-17.24137931	17.24137931	2
-10.34482759	17.24137931	2
-3.448275862	17.24137931	2
3.448275862	17.24137931	2
10.34482759	17.24137931	2
17.24137931	17.24137931	2
24.13793103	17.24137931	2
31.03448276	17.24137931	2
37.93103448	17.24137931	2
44.82758621	17.24137931	2
51.72413793	17.24137931	2
58.62068966	17.24137931	2
65.51724138	17.24137931	2
72.4137931	17.24137931	2
79.31034483	17.24137931	2
86.20689655	17.24137931	2
93.10344828	17.24137931	2
100	17.24137931	2
-100	13.79310345	2
-93.10344828	13.79310345	2
-86.20689655	13.79310345	2
-79.31034483	13.79310345	2
-72.4137931	13.79310345	2
-65.51724138	13.79310345	2
-58.62068966	13.79310345	2
-51.72413793	13.79310345	2
-44.82758621	13.79310345	2
-37.93103448	13.79310345	2
-31.03448276	13.79310345	2
-24.13793103	13.79310345	2
-17.24137931	13.79310345	2
-10.34482759	13.79310345	2
-3.448275862	13.79310345	2
3.448275862	13.79310345	2
10.34482759	13.79310345	2
17.24137931	13.79310345	2
24.13793103	13.79310345	2
31.03448276	13.79310345	2
37.93103448	13.79310345	2
44.82758621	13.79310345	2
51.72413793	13.79310345	2
58.62068966	13.79310345	2
65.51724138	13.79310345	2
72.4137931	13.79310345	2
79.31034483	13.79310345	2
86.20689655	13.79310345	2
93.10344828	13.79310345	2
100	13.79310345	2
-100	10.34482759	2
-93.10344828	10.34482759	2
-86.20689655	10.34482759	2
-79.31034483	10.34482759	2
-72.4137931	10.34482759	2
-65.51724138	10.34482759	2
-58.62068966	10.34482759	2
-51.72413793	10.34482759	2
-44.82758621	10.34482759	2
-37.93103448	10.34482759	2
-31.03448276	10.34482759	2
-24.13793103	10.34482759	2
-17.24137931	10.34482759	2
-10.34482759	10.34482759	2
-3.448275862	10.34482759	2
3.448275862	10.34482759	2
10.34482759	10.34482759	2
17.24137931	10.34482759	2
24.13793103	10.34482759	2
31.03448276	10.34482759	2
37.93103448	10.34482759	2
44.82758621	10.34482759	2
51.72413793	10.34482759	2
58.62068966	10.34482759	2
65.51724138	10.34482759	2
72.4137931	10.34482759	2
79.31034483	10.34482759	2
86.20689655	10.34482759	2
93.10344828	10.34482759	2
100	10.34482759	2
-100	6.896551724	2
-93.10344828	6.896551724	2
-86.20689655	6.896551724	2
-79.31034483	6.896551724	2
-72.4137931	6.896551724	2
-65.51724138	6.896551724	2
-58.62068966	6.896551724	2
-51.72413793	6.896551724	2
-44.82758621	6.896551724	2
-37.93103448	6.896551724	2
-31.03448276	6.896551724	2
-24.13793103	6.896551724	2
-17.24137931	6.896551724	2
-10.34482759	6.896551724	2
-3.448275862	6.896551724	2
3.448275862	6.896551724	2
10.34482759	6.896551724	2
17.24137931	6.896551724	2
24.13793103	6.896551724	2
31.03448276	6.896551724	2
37.93103448	6.896551724	2
44.82758621	6.896551724	2
51.72413793	6.896551724	2
58.62068966	6.896551724	2
65.51724138	6.896551724	2
72.4137931	6.896551724	2
79.31034483	6.896551724	2
86.20689655	6.896551724	2
93.10344828	6.896551724	2
100	6.896551724	2
-100	3.448275862	2
-93.10344828	3.448275862	2
-86.20689655	3.448275862	2
-79.31034483	3.448275862	2
-72.4137931	3.448275862	2
-65.51724138	3.448275862	2
-58.62068966	3.448275862	2
-51.72413793	3.448275862	2
-44.82758621	3.448275862	2
-37.93103448	3.448275862	2
-31.03448276	3.448275862	2
-24.13793103	3.448275862	2
-17.24137931	3.448275862	2
-10.34482759	3.448275862	2
-3.448275862	3.448275862	2
3.448275862	3.448275862	2
10.34482759	3.448275862	2
17.24137931	3.448275862	2
24.13793103	3.448275862	2
31.03448276	3.448275862	2
37.93103448	3.448275862	2
44.82758621	3.448275862	2
51.72413793	3.448275862	2
58.62068966	3.448275862	2
65.51724138	3.448275862	2
72.4137931	3.448275862	2
79.31034483	3.448275862	2
86.20689655	3.448275862	2
93.10344828	3.448275862	2
100	3.448275862	2
-100	0	2
-93.10344828	0	2
-86.20689655	0	2
-79.31034483	0	2
-72.4137931	0	2
-65.51724138	0	2
-58.62068966	0	2
-51.72413793	0	2
-44.82758621	0	2
-37.93103448	0	2
-31.03448276	0	2
-24.13793103	0	2
-17.24137931	0	2
-10.34482759	0	2
-3.448275862	0	2
3.448275862	0	2
10.34482759	0	2
17.24137931	0	2
24.13793103	0	2
31.03448276	0	2
37.93103448	0	2
44.82758621	0	2
51.72413793	0	2
58.62068966	0	2
65.51724138	0	2
72.4137931	0	2
79.31034483	0	2
86.20689655	0	2
93.10344828	0	2
100	0	2
