X Observer location in tower-base coordinate X horizontal  (m), Y Observer location in tower-base coordinate Y Lateral (m), Z Observer location in tower-base coordinate Z Vertical (m)    
-500	500	2
-465.5172414	500	2
-431.0344828	500	2
-396.5517241	500	2
-362.0689655	500	2
-327.5862069	500	2
-293.1034483	500	2
-258.6206897	500	2
-224.137931	500	2
-189.6551724	500	2
-155.1724138	500	2
-120.6896552	500	2
-86.20689655	500	2
-51.72413793	500	2
-17.24137931	500	2
17.24137931	500	2
51.72413793	500	2
86.20689655	500	2
120.6896552	500	2
155.1724138	500	2
189.6551724	500	2
224.137931	500	2
258.6206897	500	2
293.1034483	500	2
327.5862069	500	2
362.0689655	500	2
396.5517241	500	2
431.0344828	500	2
465.5172414	500	2
500	500	2
-500	465.5172414	2
-465.5172414	465.5172414	2
-431.0344828	465.5172414	2
-396.5517241	465.5172414	2
-362.0689655	465.5172414	2
-327.5862069	465.5172414	2
-293.1034483	465.5172414	2
-258.6206897	465.5172414	2
-224.137931	465.5172414	2
-189.6551724	465.5172414	2
-155.1724138	465.5172414	2
-120.6896552	465.5172414	2
-86.20689655	465.5172414	2
-51.72413793	465.5172414	2
-17.24137931	465.5172414	2
17.24137931	465.5172414	2
51.72413793	465.5172414	2
86.20689655	465.5172414	2
120.6896552	465.5172414	2
155.1724138	465.5172414	2
189.6551724	465.5172414	2
224.137931	465.5172414	2
258.6206897	465.5172414	2
293.1034483	465.5172414	2
327.5862069	465.5172414	2
362.0689655	465.5172414	2
396.5517241	465.5172414	2
431.0344828	465.5172414	2
465.5172414	465.5172414	2
500	465.5172414	2
-500	448.2758621	2
-465.5172414	448.2758621	2
-431.0344828	448.2758621	2
-396.5517241	448.2758621	2
-362.0689655	448.2758621	2
-327.5862069	448.2758621	2
-293.1034483	448.2758621	2
-258.6206897	448.2758621	2
-224.137931	448.2758621	2
-189.6551724	448.2758621	2
-155.1724138	448.2758621	2
-120.6896552	448.2758621	2
-86.20689655	448.2758621	2
-51.72413793	448.2758621	2
-17.24137931	448.2758621	2
17.24137931	448.2758621	2
51.72413793	448.2758621	2
86.20689655	448.2758621	2
120.6896552	448.2758621	2
155.1724138	448.2758621	2
189.6551724	448.2758621	2
224.137931	448.2758621	2
258.6206897	448.2758621	2
293.1034483	448.2758621	2
327.5862069	448.2758621	2
362.0689655	448.2758621	2
396.5517241	448.2758621	2
431.0344828	448.2758621	2
465.5172414	448.2758621	2
500	448.2758621	2
-500	431.0344828	2
-465.5172414	431.0344828	2
-431.0344828	431.0344828	2
-396.5517241	431.0344828	2
-362.0689655	431.0344828	2
-327.5862069	431.0344828	2
-293.1034483	431.0344828	2
-258.6206897	431.0344828	2
-224.137931	431.0344828	2
-189.6551724	431.0344828	2
-155.1724138	431.0344828	2
-120.6896552	431.0344828	2
-86.20689655	431.0344828	2
-51.72413793	431.0344828	2
-17.24137931	431.0344828	2
17.24137931	431.0344828	2
51.72413793	431.0344828	2
86.20689655	431.0344828	2
120.6896552	431.0344828	2
155.1724138	431.0344828	2
189.6551724	431.0344828	2
224.137931	431.0344828	2
258.6206897	431.0344828	2
293.1034483	431.0344828	2
327.5862069	431.0344828	2
362.0689655	431.0344828	2
396.5517241	431.0344828	2
431.0344828	431.0344828	2
465.5172414	431.0344828	2
500	431.0344828	2
-500	413.7931034	2
-465.5172414	413.7931034	2
-431.0344828	413.7931034	2
-396.5517241	413.7931034	2
-362.0689655	413.7931034	2
-327.5862069	413.7931034	2
-293.1034483	413.7931034	2
-258.6206897	413.7931034	2
-224.137931	413.7931034	2
-189.6551724	413.7931034	2
-155.1724138	413.7931034	2
-120.6896552	413.7931034	2
-86.20689655	413.7931034	2
-51.72413793	413.7931034	2
-17.24137931	413.7931034	2
17.24137931	413.7931034	2
51.72413793	413.7931034	2
86.20689655	413.7931034	2
120.6896552	413.7931034	2
155.1724138	413.7931034	2
189.6551724	413.7931034	2
224.137931	413.7931034	2
258.6206897	413.7931034	2
293.1034483	413.7931034	2
327.5862069	413.7931034	2
362.0689655	413.7931034	2
396.5517241	413.7931034	2
431.0344828	413.7931034	2
465.5172414	413.7931034	2
500	413.7931034	2
-500	396.5517241	2
-465.5172414	396.5517241	2
-431.0344828	396.5517241	2
-396.5517241	396.5517241	2
-362.0689655	396.5517241	2
-327.5862069	396.5517241	2
-293.1034483	396.5517241	2
-258.6206897	396.5517241	2
-224.137931	396.5517241	2
-189.6551724	396.5517241	2
-155.1724138	396.5517241	2
-120.6896552	396.5517241	2
-86.20689655	396.5517241	2
-51.72413793	396.5517241	2
-17.24137931	396.5517241	2
17.24137931	396.5517241	2
51.72413793	396.5517241	2
86.20689655	396.5517241	2
120.6896552	396.5517241	2
155.1724138	396.5517241	2
189.6551724	396.5517241	2
224.137931	396.5517241	2
258.6206897	396.5517241	2
293.1034483	396.5517241	2
327.5862069	396.5517241	2
362.0689655	396.5517241	2
396.5517241	396.5517241	2
431.0344828	396.5517241	2
465.5172414	396.5517241	2
500	396.5517241	2
-500	379.3103448	2
-465.5172414	379.3103448	2
-431.0344828	379.3103448	2
-396.5517241	379.3103448	2
-362.0689655	379.3103448	2
-327.5862069	379.3103448	2
-293.1034483	379.3103448	2
-258.6206897	379.3103448	2
-224.137931	379.3103448	2
-189.6551724	379.3103448	2
-155.1724138	379.3103448	2
-120.6896552	379.3103448	2
-86.20689655	379.3103448	2
-51.72413793	379.3103448	2
-17.24137931	379.3103448	2
17.24137931	379.3103448	2
51.72413793	379.3103448	2
86.20689655	379.3103448	2
120.6896552	379.3103448	2
155.1724138	379.3103448	2
189.6551724	379.3103448	2
224.137931	379.3103448	2
258.6206897	379.3103448	2
293.1034483	379.3103448	2
327.5862069	379.3103448	2
362.0689655	379.3103448	2
396.5517241	379.3103448	2
431.0344828	379.3103448	2
465.5172414	379.3103448	2
500	379.3103448	2
-500	362.0689655	2
-465.5172414	362.0689655	2
-431.0344828	362.0689655	2
-396.5517241	362.0689655	2
-362.0689655	362.0689655	2
-327.5862069	362.0689655	2
-293.1034483	362.0689655	2
-258.6206897	362.0689655	2
-224.137931	362.0689655	2
-189.6551724	362.0689655	2
-155.1724138	362.0689655	2
-120.6896552	362.0689655	2
-86.20689655	362.0689655	2
-51.72413793	362.0689655	2
-17.24137931	362.0689655	2
17.24137931	362.0689655	2
51.72413793	362.0689655	2
86.20689655	362.0689655	2
120.6896552	362.0689655	2
155.1724138	362.0689655	2
189.6551724	362.0689655	2
224.137931	362.0689655	2
258.6206897	362.0689655	2
293.1034483	362.0689655	2
327.5862069	362.0689655	2
362.0689655	362.0689655	2
396.5517241	362.0689655	2
431.0344828	362.0689655	2
465.5172414	362.0689655	2
500	362.0689655	2
-500	344.8275862	2
-465.5172414	344.8275862	2
-431.0344828	344.8275862	2
-396.5517241	344.8275862	2
-362.0689655	344.8275862	2
-327.5862069	344.8275862	2
-293.1034483	344.8275862	2
-258.6206897	344.8275862	2
-224.137931	344.8275862	2
-189.6551724	344.8275862	2
-155.1724138	344.8275862	2
-120.6896552	344.8275862	2
-86.20689655	344.8275862	2
-51.72413793	344.8275862	2
-17.24137931	344.8275862	2
17.24137931	344.8275862	2
51.72413793	344.8275862	2
86.20689655	344.8275862	2
120.6896552	344.8275862	2
155.1724138	344.8275862	2
189.6551724	344.8275862	2
224.137931	344.8275862	2
258.6206897	344.8275862	2
293.1034483	344.8275862	2
327.5862069	344.8275862	2
362.0689655	344.8275862	2
396.5517241	344.8275862	2
431.0344828	344.8275862	2
465.5172414	344.8275862	2
500	344.8275862	2
-500	327.5862069	2
-465.5172414	327.5862069	2
-431.0344828	327.5862069	2
-396.5517241	327.5862069	2
-362.0689655	327.5862069	2
-327.5862069	327.5862069	2
-293.1034483	327.5862069	2
-258.6206897	327.5862069	2
-224.137931	327.5862069	2
-189.6551724	327.5862069	2
-155.1724138	327.5862069	2
-120.6896552	327.5862069	2
-86.20689655	327.5862069	2
-51.72413793	327.5862069	2
-17.24137931	327.5862069	2
17.24137931	327.5862069	2
51.72413793	327.5862069	2
86.20689655	327.5862069	2
120.6896552	327.5862069	2
155.1724138	327.5862069	2
189.6551724	327.5862069	2
224.137931	327.5862069	2
258.6206897	327.5862069	2
293.1034483	327.5862069	2
327.5862069	327.5862069	2
362.0689655	327.5862069	2
396.5517241	327.5862069	2
431.0344828	327.5862069	2
465.5172414	327.5862069	2
500	327.5862069	2
-500	327.5862069	2
-465.5172414	327.5862069	2
-431.0344828	327.5862069	2
-396.5517241	327.5862069	2
-362.0689655	327.5862069	2
-327.5862069	327.5862069	2
-293.1034483	327.5862069	2
-258.6206897	327.5862069	2
-224.137931	327.5862069	2
-189.6551724	327.5862069	2
-155.1724138	327.5862069	2
-120.6896552	327.5862069	2
-86.20689655	327.5862069	2
-51.72413793	327.5862069	2
-17.24137931	327.5862069	2
17.24137931	327.5862069	2
51.72413793	327.5862069	2
86.20689655	327.5862069	2
120.6896552	327.5862069	2
155.1724138	327.5862069	2
189.6551724	327.5862069	2
224.137931	327.5862069	2
258.6206897	327.5862069	2
293.1034483	327.5862069	2
327.5862069	327.5862069	2
362.0689655	327.5862069	2
396.5517241	327.5862069	2
431.0344828	327.5862069	2
465.5172414	327.5862069	2
500	327.5862069	2
-500	310.3448276	2
-465.5172414	310.3448276	2
-431.0344828	310.3448276	2
-396.5517241	310.3448276	2
-362.0689655	310.3448276	2
-327.5862069	310.3448276	2
-293.1034483	310.3448276	2
-258.6206897	310.3448276	2
-224.137931	310.3448276	2
-189.6551724	310.3448276	2
-155.1724138	310.3448276	2
-120.6896552	310.3448276	2
-86.20689655	310.3448276	2
-51.72413793	310.3448276	2
-17.24137931	310.3448276	2
17.24137931	310.3448276	2
51.72413793	310.3448276	2
86.20689655	310.3448276	2
120.6896552	310.3448276	2
155.1724138	310.3448276	2
189.6551724	310.3448276	2
224.137931	310.3448276	2
258.6206897	310.3448276	2
293.1034483	310.3448276	2
327.5862069	310.3448276	2
362.0689655	310.3448276	2
396.5517241	310.3448276	2
431.0344828	310.3448276	2
465.5172414	310.3448276	2
500	310.3448276	2
-500	293.1034483	2
-465.5172414	293.1034483	2
-431.0344828	293.1034483	2
-396.5517241	293.1034483	2
-362.0689655	293.1034483	2
-327.5862069	293.1034483	2
-293.1034483	293.1034483	2
-258.6206897	293.1034483	2
-224.137931	293.1034483	2
-189.6551724	293.1034483	2
-155.1724138	293.1034483	2
-120.6896552	293.1034483	2
-86.20689655	293.1034483	2
-51.72413793	293.1034483	2
-17.24137931	293.1034483	2
17.24137931	293.1034483	2
51.72413793	293.1034483	2
86.20689655	293.1034483	2
120.6896552	293.1034483	2
155.1724138	293.1034483	2
189.6551724	293.1034483	2
224.137931	293.1034483	2
258.6206897	293.1034483	2
293.1034483	293.1034483	2
327.5862069	293.1034483	2
362.0689655	293.1034483	2
396.5517241	293.1034483	2
431.0344828	293.1034483	2
465.5172414	293.1034483	2
500	293.1034483	2
-500	275.862069	2
-465.5172414	275.862069	2
-431.0344828	275.862069	2
-396.5517241	275.862069	2
-362.0689655	275.862069	2
-327.5862069	275.862069	2
-293.1034483	275.862069	2
-258.6206897	275.862069	2
-224.137931	275.862069	2
-189.6551724	275.862069	2
-155.1724138	275.862069	2
-120.6896552	275.862069	2
-86.20689655	275.862069	2
-51.72413793	275.862069	2
-17.24137931	275.862069	2
17.24137931	275.862069	2
51.72413793	275.862069	2
86.20689655	275.862069	2
120.6896552	275.862069	2
155.1724138	275.862069	2
189.6551724	275.862069	2
224.137931	275.862069	2
258.6206897	275.862069	2
293.1034483	275.862069	2
327.5862069	275.862069	2
362.0689655	275.862069	2
396.5517241	275.862069	2
431.0344828	275.862069	2
465.5172414	275.862069	2
500	275.862069	2
-500	258.6206897	2
-465.5172414	258.6206897	2
-431.0344828	258.6206897	2
-396.5517241	258.6206897	2
-362.0689655	258.6206897	2
-327.5862069	258.6206897	2
-293.1034483	258.6206897	2
-258.6206897	258.6206897	2
-224.137931	258.6206897	2
-189.6551724	258.6206897	2
-155.1724138	258.6206897	2
-120.6896552	258.6206897	2
-86.20689655	258.6206897	2
-51.72413793	258.6206897	2
-17.24137931	258.6206897	2
17.24137931	258.6206897	2
51.72413793	258.6206897	2
86.20689655	258.6206897	2
120.6896552	258.6206897	2
155.1724138	258.6206897	2
189.6551724	258.6206897	2
224.137931	258.6206897	2
258.6206897	258.6206897	2
293.1034483	258.6206897	2
327.5862069	258.6206897	2
362.0689655	258.6206897	2
396.5517241	258.6206897	2
431.0344828	258.6206897	2
465.5172414	258.6206897	2
500	258.6206897	2
-500	241.3793103	2
-465.5172414	241.3793103	2
-431.0344828	241.3793103	2
-396.5517241	241.3793103	2
-362.0689655	241.3793103	2
-327.5862069	241.3793103	2
-293.1034483	241.3793103	2
-258.6206897	241.3793103	2
-224.137931	241.3793103	2
-189.6551724	241.3793103	2
-155.1724138	241.3793103	2
-120.6896552	241.3793103	2
-86.20689655	241.3793103	2
-51.72413793	241.3793103	2
-17.24137931	241.3793103	2
17.24137931	241.3793103	2
51.72413793	241.3793103	2
86.20689655	241.3793103	2
120.6896552	241.3793103	2
155.1724138	241.3793103	2
189.6551724	241.3793103	2
224.137931	241.3793103	2
258.6206897	241.3793103	2
293.1034483	241.3793103	2
327.5862069	241.3793103	2
362.0689655	241.3793103	2
396.5517241	241.3793103	2
431.0344828	241.3793103	2
465.5172414	241.3793103	2
500	241.3793103	2
-500	224.137931	2
-465.5172414	224.137931	2
-431.0344828	224.137931	2
-396.5517241	224.137931	2
-362.0689655	224.137931	2
-327.5862069	224.137931	2
-293.1034483	224.137931	2
-258.6206897	224.137931	2
-224.137931	224.137931	2
-189.6551724	224.137931	2
-155.1724138	224.137931	2
-120.6896552	224.137931	2
-86.20689655	224.137931	2
-51.72413793	224.137931	2
-17.24137931	224.137931	2
17.24137931	224.137931	2
51.72413793	224.137931	2
86.20689655	224.137931	2
120.6896552	224.137931	2
155.1724138	224.137931	2
189.6551724	224.137931	2
224.137931	224.137931	2
258.6206897	224.137931	2
293.1034483	224.137931	2
327.5862069	224.137931	2
362.0689655	224.137931	2
396.5517241	224.137931	2
431.0344828	224.137931	2
465.5172414	224.137931	2
500	224.137931	2
-500	206.8965517	2
-465.5172414	206.8965517	2
-431.0344828	206.8965517	2
-396.5517241	206.8965517	2
-362.0689655	206.8965517	2
-327.5862069	206.8965517	2
-293.1034483	206.8965517	2
-258.6206897	206.8965517	2
-224.137931	206.8965517	2
-189.6551724	206.8965517	2
-155.1724138	206.8965517	2
-120.6896552	206.8965517	2
-86.20689655	206.8965517	2
-51.72413793	206.8965517	2
-17.24137931	206.8965517	2
17.24137931	206.8965517	2
51.72413793	206.8965517	2
86.20689655	206.8965517	2
120.6896552	206.8965517	2
155.1724138	206.8965517	2
189.6551724	206.8965517	2
224.137931	206.8965517	2
258.6206897	206.8965517	2
293.1034483	206.8965517	2
327.5862069	206.8965517	2
362.0689655	206.8965517	2
396.5517241	206.8965517	2
431.0344828	206.8965517	2
465.5172414	206.8965517	2
500	206.8965517	2
-500	189.6551724	2
-465.5172414	189.6551724	2
-431.0344828	189.6551724	2
-396.5517241	189.6551724	2
-362.0689655	189.6551724	2
-327.5862069	189.6551724	2
-293.1034483	189.6551724	2
-258.6206897	189.6551724	2
-224.137931	189.6551724	2
-189.6551724	189.6551724	2
-155.1724138	189.6551724	2
-120.6896552	189.6551724	2
-86.20689655	189.6551724	2
-51.72413793	189.6551724	2
-17.24137931	189.6551724	2
17.24137931	189.6551724	2
51.72413793	189.6551724	2
86.20689655	189.6551724	2
120.6896552	189.6551724	2
155.1724138	189.6551724	2
189.6551724	189.6551724	2
224.137931	189.6551724	2
258.6206897	189.6551724	2
293.1034483	189.6551724	2
327.5862069	189.6551724	2
362.0689655	189.6551724	2
396.5517241	189.6551724	2
431.0344828	189.6551724	2
465.5172414	189.6551724	2
500	189.6551724	2
-500	172.4137931	2
-465.5172414	172.4137931	2
-431.0344828	172.4137931	2
-396.5517241	172.4137931	2
-362.0689655	172.4137931	2
-327.5862069	172.4137931	2
-293.1034483	172.4137931	2
-258.6206897	172.4137931	2
-224.137931	172.4137931	2
-189.6551724	172.4137931	2
-155.1724138	172.4137931	2
-120.6896552	172.4137931	2
-86.20689655	172.4137931	2
-51.72413793	172.4137931	2
-17.24137931	172.4137931	2
17.24137931	172.4137931	2
51.72413793	172.4137931	2
86.20689655	172.4137931	2
120.6896552	172.4137931	2
155.1724138	172.4137931	2
189.6551724	172.4137931	2
224.137931	172.4137931	2
258.6206897	172.4137931	2
293.1034483	172.4137931	2
327.5862069	172.4137931	2
362.0689655	172.4137931	2
396.5517241	172.4137931	2
431.0344828	172.4137931	2
465.5172414	172.4137931	2
500	172.4137931	2
-500	155.1724138	2
-465.5172414	155.1724138	2
-431.0344828	155.1724138	2
-396.5517241	155.1724138	2
-362.0689655	155.1724138	2
-327.5862069	155.1724138	2
-293.1034483	155.1724138	2
-258.6206897	155.1724138	2
-224.137931	155.1724138	2
-189.6551724	155.1724138	2
-155.1724138	155.1724138	2
-120.6896552	155.1724138	2
-86.20689655	155.1724138	2
-51.72413793	155.1724138	2
-17.24137931	155.1724138	2
17.24137931	155.1724138	2
51.72413793	155.1724138	2
86.20689655	155.1724138	2
120.6896552	155.1724138	2
155.1724138	155.1724138	2
189.6551724	155.1724138	2
224.137931	155.1724138	2
258.6206897	155.1724138	2
293.1034483	155.1724138	2
327.5862069	155.1724138	2
362.0689655	155.1724138	2
396.5517241	155.1724138	2
431.0344828	155.1724138	2
465.5172414	155.1724138	2
500	155.1724138	2
-500	137.9310345	2
-465.5172414	137.9310345	2
-431.0344828	137.9310345	2
-396.5517241	137.9310345	2
-362.0689655	137.9310345	2
-327.5862069	137.9310345	2
-293.1034483	137.9310345	2
-258.6206897	137.9310345	2
-224.137931	137.9310345	2
-189.6551724	137.9310345	2
-155.1724138	137.9310345	2
-120.6896552	137.9310345	2
-86.20689655	137.9310345	2
-51.72413793	137.9310345	2
-17.24137931	137.9310345	2
17.24137931	137.9310345	2
51.72413793	137.9310345	2
86.20689655	137.9310345	2
120.6896552	137.9310345	2
155.1724138	137.9310345	2
189.6551724	137.9310345	2
224.137931	137.9310345	2
258.6206897	137.9310345	2
293.1034483	137.9310345	2
327.5862069	137.9310345	2
362.0689655	137.9310345	2
396.5517241	137.9310345	2
431.0344828	137.9310345	2
465.5172414	137.9310345	2
500	137.9310345	2
-500	120.6896552	2
-465.5172414	120.6896552	2
-431.0344828	120.6896552	2
-396.5517241	120.6896552	2
-362.0689655	120.6896552	2
-327.5862069	120.6896552	2
-293.1034483	120.6896552	2
-258.6206897	120.6896552	2
-224.137931	120.6896552	2
-189.6551724	120.6896552	2
-155.1724138	120.6896552	2
-120.6896552	120.6896552	2
-86.20689655	120.6896552	2
-51.72413793	120.6896552	2
-17.24137931	120.6896552	2
17.24137931	120.6896552	2
51.72413793	120.6896552	2
86.20689655	120.6896552	2
120.6896552	120.6896552	2
155.1724138	120.6896552	2
189.6551724	120.6896552	2
224.137931	120.6896552	2
258.6206897	120.6896552	2
293.1034483	120.6896552	2
327.5862069	120.6896552	2
362.0689655	120.6896552	2
396.5517241	120.6896552	2
431.0344828	120.6896552	2
465.5172414	120.6896552	2
500	120.6896552	2
-500	103.4482759	2
-465.5172414	103.4482759	2
-431.0344828	103.4482759	2
-396.5517241	103.4482759	2
-362.0689655	103.4482759	2
-327.5862069	103.4482759	2
-293.1034483	103.4482759	2
-258.6206897	103.4482759	2
-224.137931	103.4482759	2
-189.6551724	103.4482759	2
-155.1724138	103.4482759	2
-120.6896552	103.4482759	2
-86.20689655	103.4482759	2
-51.72413793	103.4482759	2
-17.24137931	103.4482759	2
17.24137931	103.4482759	2
51.72413793	103.4482759	2
86.20689655	103.4482759	2
120.6896552	103.4482759	2
155.1724138	103.4482759	2
189.6551724	103.4482759	2
224.137931	103.4482759	2
258.6206897	103.4482759	2
293.1034483	103.4482759	2
327.5862069	103.4482759	2
362.0689655	103.4482759	2
396.5517241	103.4482759	2
431.0344828	103.4482759	2
465.5172414	103.4482759	2
500	103.4482759	2
-500	86.20689655	2
-465.5172414	86.20689655	2
-431.0344828	86.20689655	2
-396.5517241	86.20689655	2
-362.0689655	86.20689655	2
-327.5862069	86.20689655	2
-293.1034483	86.20689655	2
-258.6206897	86.20689655	2
-224.137931	86.20689655	2
-189.6551724	86.20689655	2
-155.1724138	86.20689655	2
-120.6896552	86.20689655	2
-86.20689655	86.20689655	2
-51.72413793	86.20689655	2
-17.24137931	86.20689655	2
17.24137931	86.20689655	2
51.72413793	86.20689655	2
86.20689655	86.20689655	2
120.6896552	86.20689655	2
155.1724138	86.20689655	2
189.6551724	86.20689655	2
224.137931	86.20689655	2
258.6206897	86.20689655	2
293.1034483	86.20689655	2
327.5862069	86.20689655	2
362.0689655	86.20689655	2
396.5517241	86.20689655	2
431.0344828	86.20689655	2
465.5172414	86.20689655	2
500	86.20689655	2
-500	68.96551724	2
-465.5172414	68.96551724	2
-431.0344828	68.96551724	2
-396.5517241	68.96551724	2
-362.0689655	68.96551724	2
-327.5862069	68.96551724	2
-293.1034483	68.96551724	2
-258.6206897	68.96551724	2
-224.137931	68.96551724	2
-189.6551724	68.96551724	2
-155.1724138	68.96551724	2
-120.6896552	68.96551724	2
-86.20689655	68.96551724	2
-51.72413793	68.96551724	2
-17.24137931	68.96551724	2
17.24137931	68.96551724	2
51.72413793	68.96551724	2
86.20689655	68.96551724	2
120.6896552	68.96551724	2
155.1724138	68.96551724	2
189.6551724	68.96551724	2
224.137931	68.96551724	2
258.6206897	68.96551724	2
293.1034483	68.96551724	2
327.5862069	68.96551724	2
362.0689655	68.96551724	2
396.5517241	68.96551724	2
431.0344828	68.96551724	2
465.5172414	68.96551724	2
500	68.96551724	2
-500	51.72413793	2
-465.5172414	51.72413793	2
-431.0344828	51.72413793	2
-396.5517241	51.72413793	2
-362.0689655	51.72413793	2
-327.5862069	51.72413793	2
-293.1034483	51.72413793	2
-258.6206897	51.72413793	2
-224.137931	51.72413793	2
-189.6551724	51.72413793	2
-155.1724138	51.72413793	2
-120.6896552	51.72413793	2
-86.20689655	51.72413793	2
-51.72413793	51.72413793	2
-17.24137931	51.72413793	2
17.24137931	51.72413793	2
51.72413793	51.72413793	2
86.20689655	51.72413793	2
120.6896552	51.72413793	2
155.1724138	51.72413793	2
189.6551724	51.72413793	2
224.137931	51.72413793	2
258.6206897	51.72413793	2
293.1034483	51.72413793	2
327.5862069	51.72413793	2
362.0689655	51.72413793	2
396.5517241	51.72413793	2
431.0344828	51.72413793	2
465.5172414	51.72413793	2
500	51.72413793	2
-500	34.48275862	2
-465.5172414	34.48275862	2
-431.0344828	34.48275862	2
-396.5517241	34.48275862	2
-362.0689655	34.48275862	2
-327.5862069	34.48275862	2
-293.1034483	34.48275862	2
-258.6206897	34.48275862	2
-224.137931	34.48275862	2
-189.6551724	34.48275862	2
-155.1724138	34.48275862	2
-120.6896552	34.48275862	2
-86.20689655	34.48275862	2
-51.72413793	34.48275862	2
-17.24137931	34.48275862	2
17.24137931	34.48275862	2
51.72413793	34.48275862	2
86.20689655	34.48275862	2
120.6896552	34.48275862	2
155.1724138	34.48275862	2
189.6551724	34.48275862	2
224.137931	34.48275862	2
258.6206897	34.48275862	2
293.1034483	34.48275862	2
327.5862069	34.48275862	2
362.0689655	34.48275862	2
396.5517241	34.48275862	2
431.0344828	34.48275862	2
465.5172414	34.48275862	2
500	34.48275862	2
-500	17.24137931	2
-465.5172414	17.24137931	2
-431.0344828	17.24137931	2
-396.5517241	17.24137931	2
-362.0689655	17.24137931	2
-327.5862069	17.24137931	2
-293.1034483	17.24137931	2
-258.6206897	17.24137931	2
-224.137931	17.24137931	2
-189.6551724	17.24137931	2
-155.1724138	17.24137931	2
-120.6896552	17.24137931	2
-86.20689655	17.24137931	2
-51.72413793	17.24137931	2
-17.24137931	17.24137931	2
17.24137931	17.24137931	2
51.72413793	17.24137931	2
86.20689655	17.24137931	2
120.6896552	17.24137931	2
155.1724138	17.24137931	2
189.6551724	17.24137931	2
224.137931	17.24137931	2
258.6206897	17.24137931	2
293.1034483	17.24137931	2
327.5862069	17.24137931	2
362.0689655	17.24137931	2
396.5517241	17.24137931	2
431.0344828	17.24137931	2
465.5172414	17.24137931	2
500	17.24137931	2
-500	0	2
-465.5172414	0	2
-431.0344828	0	2
-396.5517241	0	2
-362.0689655	0	2
-327.5862069	0	2
-293.1034483	0	2
-258.6206897	0	2
-224.137931	0	2
-189.6551724	0	2
-155.1724138	0	2
-120.6896552	0	2
-86.20689655	0	2
-51.72413793	0	2
-17.24137931	0	2
17.24137931	0	2
51.72413793	0	2
86.20689655	0	2
120.6896552	0	2
155.1724138	0	2
189.6551724	0	2
224.137931	0	2
258.6206897	0	2
293.1034483	0	2
327.5862069	0	2
362.0689655	0	2
396.5517241	0	2
431.0344828	0	2
465.5172414	0	2
500	0	2
