X Observer location in tower-base coordinate X horizontal  (m), Y Observer location in tower-base coordinate Y Lateral (m), Z Observer location in tower-base coordinate Z Vertical (m)    
-2000	2000	2
-1862.068966	2000	2
-1724.137931	2000	2
-1586.206897	2000	2
-1448.275862	2000	2
-1310.344828	2000	2
-1172.413793	2000	2
-1034.482759	2000	2
-896.5517241	2000	2
-758.6206897	2000	2
-620.6896552	2000	2
-482.7586207	2000	2
-344.8275862	2000	2
-206.8965517	2000	2
-68.96551724	2000	2
68.96551724	2000	2
206.8965517	2000	2
344.8275862	2000	2
482.7586207	2000	2
620.6896552	2000	2
758.6206897	2000	2
896.5517241	2000	2
1034.482759	2000	2
1172.413793	2000	2
1310.344828	2000	2
1448.275862	2000	2
1586.206897	2000	2
1724.137931	2000	2
1862.068966	2000	2
2000	2000	2
-2000	1862.068966	2
-1862.068966	1862.068966	2
-1724.137931	1862.068966	2
-1586.206897	1862.068966	2
-1448.275862	1862.068966	2
-1310.344828	1862.068966	2
-1172.413793	1862.068966	2
-1034.482759	1862.068966	2
-896.5517241	1862.068966	2
-758.6206897	1862.068966	2
-620.6896552	1862.068966	2
-482.7586207	1862.068966	2
-344.8275862	1862.068966	2
-206.8965517	1862.068966	2
-68.96551724	1862.068966	2
68.96551724	1862.068966	2
206.8965517	1862.068966	2
344.8275862	1862.068966	2
482.7586207	1862.068966	2
620.6896552	1862.068966	2
758.6206897	1862.068966	2
896.5517241	1862.068966	2
1034.482759	1862.068966	2
1172.413793	1862.068966	2
1310.344828	1862.068966	2
1448.275862	1862.068966	2
1586.206897	1862.068966	2
1724.137931	1862.068966	2
1862.068966	1862.068966	2
2000	1862.068966	2
-2000	1793.103448	2
-1862.068966	1793.103448	2
-1724.137931	1793.103448	2
-1586.206897	1793.103448	2
-1448.275862	1793.103448	2
-1310.344828	1793.103448	2
-1172.413793	1793.103448	2
-1034.482759	1793.103448	2
-896.5517241	1793.103448	2
-758.6206897	1793.103448	2
-620.6896552	1793.103448	2
-482.7586207	1793.103448	2
-344.8275862	1793.103448	2
-206.8965517	1793.103448	2
-68.96551724	1793.103448	2
68.96551724	1793.103448	2
206.8965517	1793.103448	2
344.8275862	1793.103448	2
482.7586207	1793.103448	2
620.6896552	1793.103448	2
758.6206897	1793.103448	2
896.5517241	1793.103448	2
1034.482759	1793.103448	2
1172.413793	1793.103448	2
1310.344828	1793.103448	2
1448.275862	1793.103448	2
1586.206897	1793.103448	2
1724.137931	1793.103448	2
1862.068966	1793.103448	2
2000	1793.103448	2
-2000	1724.137931	2
-1862.068966	1724.137931	2
-1724.137931	1724.137931	2
-1586.206897	1724.137931	2
-1448.275862	1724.137931	2
-1310.344828	1724.137931	2
-1172.413793	1724.137931	2
-1034.482759	1724.137931	2
-896.5517241	1724.137931	2
-758.6206897	1724.137931	2
-620.6896552	1724.137931	2
-482.7586207	1724.137931	2
-344.8275862	1724.137931	2
-206.8965517	1724.137931	2
-68.96551724	1724.137931	2
68.96551724	1724.137931	2
206.8965517	1724.137931	2
344.8275862	1724.137931	2
482.7586207	1724.137931	2
620.6896552	1724.137931	2
758.6206897	1724.137931	2
896.5517241	1724.137931	2
1034.482759	1724.137931	2
1172.413793	1724.137931	2
1310.344828	1724.137931	2
1448.275862	1724.137931	2
1586.206897	1724.137931	2
1724.137931	1724.137931	2
1862.068966	1724.137931	2
2000	1724.137931	2
-2000	1655.172414	2
-1862.068966	1655.172414	2
-1724.137931	1655.172414	2
-1586.206897	1655.172414	2
-1448.275862	1655.172414	2
-1310.344828	1655.172414	2
-1172.413793	1655.172414	2
-1034.482759	1655.172414	2
-896.5517241	1655.172414	2
-758.6206897	1655.172414	2
-620.6896552	1655.172414	2
-482.7586207	1655.172414	2
-344.8275862	1655.172414	2
-206.8965517	1655.172414	2
-68.96551724	1655.172414	2
68.96551724	1655.172414	2
206.8965517	1655.172414	2
344.8275862	1655.172414	2
482.7586207	1655.172414	2
620.6896552	1655.172414	2
758.6206897	1655.172414	2
896.5517241	1655.172414	2
1034.482759	1655.172414	2
1172.413793	1655.172414	2
1310.344828	1655.172414	2
1448.275862	1655.172414	2
1586.206897	1655.172414	2
1724.137931	1655.172414	2
1862.068966	1655.172414	2
2000	1655.172414	2
-2000	1586.206897	2
-1862.068966	1586.206897	2
-1724.137931	1586.206897	2
-1586.206897	1586.206897	2
-1448.275862	1586.206897	2
-1310.344828	1586.206897	2
-1172.413793	1586.206897	2
-1034.482759	1586.206897	2
-896.5517241	1586.206897	2
-758.6206897	1586.206897	2
-620.6896552	1586.206897	2
-482.7586207	1586.206897	2
-344.8275862	1586.206897	2
-206.8965517	1586.206897	2
-68.96551724	1586.206897	2
68.96551724	1586.206897	2
206.8965517	1586.206897	2
344.8275862	1586.206897	2
482.7586207	1586.206897	2
620.6896552	1586.206897	2
758.6206897	1586.206897	2
896.5517241	1586.206897	2
1034.482759	1586.206897	2
1172.413793	1586.206897	2
1310.344828	1586.206897	2
1448.275862	1586.206897	2
1586.206897	1586.206897	2
1724.137931	1586.206897	2
1862.068966	1586.206897	2
2000	1586.206897	2
-2000	1517.241379	2
-1862.068966	1517.241379	2
-1724.137931	1517.241379	2
-1586.206897	1517.241379	2
-1448.275862	1517.241379	2
-1310.344828	1517.241379	2
-1172.413793	1517.241379	2
-1034.482759	1517.241379	2
-896.5517241	1517.241379	2
-758.6206897	1517.241379	2
-620.6896552	1517.241379	2
-482.7586207	1517.241379	2
-344.8275862	1517.241379	2
-206.8965517	1517.241379	2
-68.96551724	1517.241379	2
68.96551724	1517.241379	2
206.8965517	1517.241379	2
344.8275862	1517.241379	2
482.7586207	1517.241379	2
620.6896552	1517.241379	2
758.6206897	1517.241379	2
896.5517241	1517.241379	2
1034.482759	1517.241379	2
1172.413793	1517.241379	2
1310.344828	1517.241379	2
1448.275862	1517.241379	2
1586.206897	1517.241379	2
1724.137931	1517.241379	2
1862.068966	1517.241379	2
2000	1517.241379	2
-2000	1448.275862	2
-1862.068966	1448.275862	2
-1724.137931	1448.275862	2
-1586.206897	1448.275862	2
-1448.275862	1448.275862	2
-1310.344828	1448.275862	2
-1172.413793	1448.275862	2
-1034.482759	1448.275862	2
-896.5517241	1448.275862	2
-758.6206897	1448.275862	2
-620.6896552	1448.275862	2
-482.7586207	1448.275862	2
-344.8275862	1448.275862	2
-206.8965517	1448.275862	2
-68.96551724	1448.275862	2
68.96551724	1448.275862	2
206.8965517	1448.275862	2
344.8275862	1448.275862	2
482.7586207	1448.275862	2
620.6896552	1448.275862	2
758.6206897	1448.275862	2
896.5517241	1448.275862	2
1034.482759	1448.275862	2
1172.413793	1448.275862	2
1310.344828	1448.275862	2
1448.275862	1448.275862	2
1586.206897	1448.275862	2
1724.137931	1448.275862	2
1862.068966	1448.275862	2
2000	1448.275862	2
-2000	1379.310345	2
-1862.068966	1379.310345	2
-1724.137931	1379.310345	2
-1586.206897	1379.310345	2
-1448.275862	1379.310345	2
-1310.344828	1379.310345	2
-1172.413793	1379.310345	2
-1034.482759	1379.310345	2
-896.5517241	1379.310345	2
-758.6206897	1379.310345	2
-620.6896552	1379.310345	2
-482.7586207	1379.310345	2
-344.8275862	1379.310345	2
-206.8965517	1379.310345	2
-68.96551724	1379.310345	2
68.96551724	1379.310345	2
206.8965517	1379.310345	2
344.8275862	1379.310345	2
482.7586207	1379.310345	2
620.6896552	1379.310345	2
758.6206897	1379.310345	2
896.5517241	1379.310345	2
1034.482759	1379.310345	2
1172.413793	1379.310345	2
1310.344828	1379.310345	2
1448.275862	1379.310345	2
1586.206897	1379.310345	2
1724.137931	1379.310345	2
1862.068966	1379.310345	2
2000	1379.310345	2
-2000	1310.344828	2
-1862.068966	1310.344828	2
-1724.137931	1310.344828	2
-1586.206897	1310.344828	2
-1448.275862	1310.344828	2
-1310.344828	1310.344828	2
-1172.413793	1310.344828	2
-1034.482759	1310.344828	2
-896.5517241	1310.344828	2
-758.6206897	1310.344828	2
-620.6896552	1310.344828	2
-482.7586207	1310.344828	2
-344.8275862	1310.344828	2
-206.8965517	1310.344828	2
-68.96551724	1310.344828	2
68.96551724	1310.344828	2
206.8965517	1310.344828	2
344.8275862	1310.344828	2
482.7586207	1310.344828	2
620.6896552	1310.344828	2
758.6206897	1310.344828	2
896.5517241	1310.344828	2
1034.482759	1310.344828	2
1172.413793	1310.344828	2
1310.344828	1310.344828	2
1448.275862	1310.344828	2
1586.206897	1310.344828	2
1724.137931	1310.344828	2
1862.068966	1310.344828	2
2000	1310.344828	2
-2000	1310.344828	2
-1862.068966	1310.344828	2
-1724.137931	1310.344828	2
-1586.206897	1310.344828	2
-1448.275862	1310.344828	2
-1310.344828	1310.344828	2
-1172.413793	1310.344828	2
-1034.482759	1310.344828	2
-896.5517241	1310.344828	2
-758.6206897	1310.344828	2
-620.6896552	1310.344828	2
-482.7586207	1310.344828	2
-344.8275862	1310.344828	2
-206.8965517	1310.344828	2
-68.96551724	1310.344828	2
68.96551724	1310.344828	2
206.8965517	1310.344828	2
344.8275862	1310.344828	2
482.7586207	1310.344828	2
620.6896552	1310.344828	2
758.6206897	1310.344828	2
896.5517241	1310.344828	2
1034.482759	1310.344828	2
1172.413793	1310.344828	2
1310.344828	1310.344828	2
1448.275862	1310.344828	2
1586.206897	1310.344828	2
1724.137931	1310.344828	2
1862.068966	1310.344828	2
2000	1310.344828	2
-2000	1241.37931	2
-1862.068966	1241.37931	2
-1724.137931	1241.37931	2
-1586.206897	1241.37931	2
-1448.275862	1241.37931	2
-1310.344828	1241.37931	2
-1172.413793	1241.37931	2
-1034.482759	1241.37931	2
-896.5517241	1241.37931	2
-758.6206897	1241.37931	2
-620.6896552	1241.37931	2
-482.7586207	1241.37931	2
-344.8275862	1241.37931	2
-206.8965517	1241.37931	2
-68.96551724	1241.37931	2
68.96551724	1241.37931	2
206.8965517	1241.37931	2
344.8275862	1241.37931	2
482.7586207	1241.37931	2
620.6896552	1241.37931	2
758.6206897	1241.37931	2
896.5517241	1241.37931	2
1034.482759	1241.37931	2
1172.413793	1241.37931	2
1310.344828	1241.37931	2
1448.275862	1241.37931	2
1586.206897	1241.37931	2
1724.137931	1241.37931	2
1862.068966	1241.37931	2
2000	1241.37931	2
-2000	1172.413793	2
-1862.068966	1172.413793	2
-1724.137931	1172.413793	2
-1586.206897	1172.413793	2
-1448.275862	1172.413793	2
-1310.344828	1172.413793	2
-1172.413793	1172.413793	2
-1034.482759	1172.413793	2
-896.5517241	1172.413793	2
-758.6206897	1172.413793	2
-620.6896552	1172.413793	2
-482.7586207	1172.413793	2
-344.8275862	1172.413793	2
-206.8965517	1172.413793	2
-68.96551724	1172.413793	2
68.96551724	1172.413793	2
206.8965517	1172.413793	2
344.8275862	1172.413793	2
482.7586207	1172.413793	2
620.6896552	1172.413793	2
758.6206897	1172.413793	2
896.5517241	1172.413793	2
1034.482759	1172.413793	2
1172.413793	1172.413793	2
1310.344828	1172.413793	2
1448.275862	1172.413793	2
1586.206897	1172.413793	2
1724.137931	1172.413793	2
1862.068966	1172.413793	2
2000	1172.413793	2
-2000	1103.448276	2
-1862.068966	1103.448276	2
-1724.137931	1103.448276	2
-1586.206897	1103.448276	2
-1448.275862	1103.448276	2
-1310.344828	1103.448276	2
-1172.413793	1103.448276	2
-1034.482759	1103.448276	2
-896.5517241	1103.448276	2
-758.6206897	1103.448276	2
-620.6896552	1103.448276	2
-482.7586207	1103.448276	2
-344.8275862	1103.448276	2
-206.8965517	1103.448276	2
-68.96551724	1103.448276	2
68.96551724	1103.448276	2
206.8965517	1103.448276	2
344.8275862	1103.448276	2
482.7586207	1103.448276	2
620.6896552	1103.448276	2
758.6206897	1103.448276	2
896.5517241	1103.448276	2
1034.482759	1103.448276	2
1172.413793	1103.448276	2
1310.344828	1103.448276	2
1448.275862	1103.448276	2
1586.206897	1103.448276	2
1724.137931	1103.448276	2
1862.068966	1103.448276	2
2000	1103.448276	2
-2000	1034.482759	2
-1862.068966	1034.482759	2
-1724.137931	1034.482759	2
-1586.206897	1034.482759	2
-1448.275862	1034.482759	2
-1310.344828	1034.482759	2
-1172.413793	1034.482759	2
-1034.482759	1034.482759	2
-896.5517241	1034.482759	2
-758.6206897	1034.482759	2
-620.6896552	1034.482759	2
-482.7586207	1034.482759	2
-344.8275862	1034.482759	2
-206.8965517	1034.482759	2
-68.96551724	1034.482759	2
68.96551724	1034.482759	2
206.8965517	1034.482759	2
344.8275862	1034.482759	2
482.7586207	1034.482759	2
620.6896552	1034.482759	2
758.6206897	1034.482759	2
896.5517241	1034.482759	2
1034.482759	1034.482759	2
1172.413793	1034.482759	2
1310.344828	1034.482759	2
1448.275862	1034.482759	2
1586.206897	1034.482759	2
1724.137931	1034.482759	2
1862.068966	1034.482759	2
2000	1034.482759	2
-2000	965.5172414	2
-1862.068966	965.5172414	2
-1724.137931	965.5172414	2
-1586.206897	965.5172414	2
-1448.275862	965.5172414	2
-1310.344828	965.5172414	2
-1172.413793	965.5172414	2
-1034.482759	965.5172414	2
-896.5517241	965.5172414	2
-758.6206897	965.5172414	2
-620.6896552	965.5172414	2
-482.7586207	965.5172414	2
-344.8275862	965.5172414	2
-206.8965517	965.5172414	2
-68.96551724	965.5172414	2
68.96551724	965.5172414	2
206.8965517	965.5172414	2
344.8275862	965.5172414	2
482.7586207	965.5172414	2
620.6896552	965.5172414	2
758.6206897	965.5172414	2
896.5517241	965.5172414	2
1034.482759	965.5172414	2
1172.413793	965.5172414	2
1310.344828	965.5172414	2
1448.275862	965.5172414	2
1586.206897	965.5172414	2
1724.137931	965.5172414	2
1862.068966	965.5172414	2
2000	965.5172414	2
-2000	896.5517241	2
-1862.068966	896.5517241	2
-1724.137931	896.5517241	2
-1586.206897	896.5517241	2
-1448.275862	896.5517241	2
-1310.344828	896.5517241	2
-1172.413793	896.5517241	2
-1034.482759	896.5517241	2
-896.5517241	896.5517241	2
-758.6206897	896.5517241	2
-620.6896552	896.5517241	2
-482.7586207	896.5517241	2
-344.8275862	896.5517241	2
-206.8965517	896.5517241	2
-68.96551724	896.5517241	2
68.96551724	896.5517241	2
206.8965517	896.5517241	2
344.8275862	896.5517241	2
482.7586207	896.5517241	2
620.6896552	896.5517241	2
758.6206897	896.5517241	2
896.5517241	896.5517241	2
1034.482759	896.5517241	2
1172.413793	896.5517241	2
1310.344828	896.5517241	2
1448.275862	896.5517241	2
1586.206897	896.5517241	2
1724.137931	896.5517241	2
1862.068966	896.5517241	2
2000	896.5517241	2
-2000	827.5862069	2
-1862.068966	827.5862069	2
-1724.137931	827.5862069	2
-1586.206897	827.5862069	2
-1448.275862	827.5862069	2
-1310.344828	827.5862069	2
-1172.413793	827.5862069	2
-1034.482759	827.5862069	2
-896.5517241	827.5862069	2
-758.6206897	827.5862069	2
-620.6896552	827.5862069	2
-482.7586207	827.5862069	2
-344.8275862	827.5862069	2
-206.8965517	827.5862069	2
-68.96551724	827.5862069	2
68.96551724	827.5862069	2
206.8965517	827.5862069	2
344.8275862	827.5862069	2
482.7586207	827.5862069	2
620.6896552	827.5862069	2
758.6206897	827.5862069	2
896.5517241	827.5862069	2
1034.482759	827.5862069	2
1172.413793	827.5862069	2
1310.344828	827.5862069	2
1448.275862	827.5862069	2
1586.206897	827.5862069	2
1724.137931	827.5862069	2
1862.068966	827.5862069	2
2000	827.5862069	2
-2000	758.6206897	2
-1862.068966	758.6206897	2
-1724.137931	758.6206897	2
-1586.206897	758.6206897	2
-1448.275862	758.6206897	2
-1310.344828	758.6206897	2
-1172.413793	758.6206897	2
-1034.482759	758.6206897	2
-896.5517241	758.6206897	2
-758.6206897	758.6206897	2
-620.6896552	758.6206897	2
-482.7586207	758.6206897	2
-344.8275862	758.6206897	2
-206.8965517	758.6206897	2
-68.96551724	758.6206897	2
68.96551724	758.6206897	2
206.8965517	758.6206897	2
344.8275862	758.6206897	2
482.7586207	758.6206897	2
620.6896552	758.6206897	2
758.6206897	758.6206897	2
896.5517241	758.6206897	2
1034.482759	758.6206897	2
1172.413793	758.6206897	2
1310.344828	758.6206897	2
1448.275862	758.6206897	2
1586.206897	758.6206897	2
1724.137931	758.6206897	2
1862.068966	758.6206897	2
2000	758.6206897	2
-2000	689.6551724	2
-1862.068966	689.6551724	2
-1724.137931	689.6551724	2
-1586.206897	689.6551724	2
-1448.275862	689.6551724	2
-1310.344828	689.6551724	2
-1172.413793	689.6551724	2
-1034.482759	689.6551724	2
-896.5517241	689.6551724	2
-758.6206897	689.6551724	2
-620.6896552	689.6551724	2
-482.7586207	689.6551724	2
-344.8275862	689.6551724	2
-206.8965517	689.6551724	2
-68.96551724	689.6551724	2
68.96551724	689.6551724	2
206.8965517	689.6551724	2
344.8275862	689.6551724	2
482.7586207	689.6551724	2
620.6896552	689.6551724	2
758.6206897	689.6551724	2
896.5517241	689.6551724	2
1034.482759	689.6551724	2
1172.413793	689.6551724	2
1310.344828	689.6551724	2
1448.275862	689.6551724	2
1586.206897	689.6551724	2
1724.137931	689.6551724	2
1862.068966	689.6551724	2
2000	689.6551724	2
-2000	620.6896552	2
-1862.068966	620.6896552	2
-1724.137931	620.6896552	2
-1586.206897	620.6896552	2
-1448.275862	620.6896552	2
-1310.344828	620.6896552	2
-1172.413793	620.6896552	2
-1034.482759	620.6896552	2
-896.5517241	620.6896552	2
-758.6206897	620.6896552	2
-620.6896552	620.6896552	2
-482.7586207	620.6896552	2
-344.8275862	620.6896552	2
-206.8965517	620.6896552	2
-68.96551724	620.6896552	2
68.96551724	620.6896552	2
206.8965517	620.6896552	2
344.8275862	620.6896552	2
482.7586207	620.6896552	2
620.6896552	620.6896552	2
758.6206897	620.6896552	2
896.5517241	620.6896552	2
1034.482759	620.6896552	2
1172.413793	620.6896552	2
1310.344828	620.6896552	2
1448.275862	620.6896552	2
1586.206897	620.6896552	2
1724.137931	620.6896552	2
1862.068966	620.6896552	2
2000	620.6896552	2
-2000	551.7241379	2
-1862.068966	551.7241379	2
-1724.137931	551.7241379	2
-1586.206897	551.7241379	2
-1448.275862	551.7241379	2
-1310.344828	551.7241379	2
-1172.413793	551.7241379	2
-1034.482759	551.7241379	2
-896.5517241	551.7241379	2
-758.6206897	551.7241379	2
-620.6896552	551.7241379	2
-482.7586207	551.7241379	2
-344.8275862	551.7241379	2
-206.8965517	551.7241379	2
-68.96551724	551.7241379	2
68.96551724	551.7241379	2
206.8965517	551.7241379	2
344.8275862	551.7241379	2
482.7586207	551.7241379	2
620.6896552	551.7241379	2
758.6206897	551.7241379	2
896.5517241	551.7241379	2
1034.482759	551.7241379	2
1172.413793	551.7241379	2
1310.344828	551.7241379	2
1448.275862	551.7241379	2
1586.206897	551.7241379	2
1724.137931	551.7241379	2
1862.068966	551.7241379	2
2000	551.7241379	2
-2000	482.7586207	2
-1862.068966	482.7586207	2
-1724.137931	482.7586207	2
-1586.206897	482.7586207	2
-1448.275862	482.7586207	2
-1310.344828	482.7586207	2
-1172.413793	482.7586207	2
-1034.482759	482.7586207	2
-896.5517241	482.7586207	2
-758.6206897	482.7586207	2
-620.6896552	482.7586207	2
-482.7586207	482.7586207	2
-344.8275862	482.7586207	2
-206.8965517	482.7586207	2
-68.96551724	482.7586207	2
68.96551724	482.7586207	2
206.8965517	482.7586207	2
344.8275862	482.7586207	2
482.7586207	482.7586207	2
620.6896552	482.7586207	2
758.6206897	482.7586207	2
896.5517241	482.7586207	2
1034.482759	482.7586207	2
1172.413793	482.7586207	2
1310.344828	482.7586207	2
1448.275862	482.7586207	2
1586.206897	482.7586207	2
1724.137931	482.7586207	2
1862.068966	482.7586207	2
2000	482.7586207	2
-2000	413.7931034	2
-1862.068966	413.7931034	2
-1724.137931	413.7931034	2
-1586.206897	413.7931034	2
-1448.275862	413.7931034	2
-1310.344828	413.7931034	2
-1172.413793	413.7931034	2
-1034.482759	413.7931034	2
-896.5517241	413.7931034	2
-758.6206897	413.7931034	2
-620.6896552	413.7931034	2
-482.7586207	413.7931034	2
-344.8275862	413.7931034	2
-206.8965517	413.7931034	2
-68.96551724	413.7931034	2
68.96551724	413.7931034	2
206.8965517	413.7931034	2
344.8275862	413.7931034	2
482.7586207	413.7931034	2
620.6896552	413.7931034	2
758.6206897	413.7931034	2
896.5517241	413.7931034	2
1034.482759	413.7931034	2
1172.413793	413.7931034	2
1310.344828	413.7931034	2
1448.275862	413.7931034	2
1586.206897	413.7931034	2
1724.137931	413.7931034	2
1862.068966	413.7931034	2
2000	413.7931034	2
-2000	344.8275862	2
-1862.068966	344.8275862	2
-1724.137931	344.8275862	2
-1586.206897	344.8275862	2
-1448.275862	344.8275862	2
-1310.344828	344.8275862	2
-1172.413793	344.8275862	2
-1034.482759	344.8275862	2
-896.5517241	344.8275862	2
-758.6206897	344.8275862	2
-620.6896552	344.8275862	2
-482.7586207	344.8275862	2
-344.8275862	344.8275862	2
-206.8965517	344.8275862	2
-68.96551724	344.8275862	2
68.96551724	344.8275862	2
206.8965517	344.8275862	2
344.8275862	344.8275862	2
482.7586207	344.8275862	2
620.6896552	344.8275862	2
758.6206897	344.8275862	2
896.5517241	344.8275862	2
1034.482759	344.8275862	2
1172.413793	344.8275862	2
1310.344828	344.8275862	2
1448.275862	344.8275862	2
1586.206897	344.8275862	2
1724.137931	344.8275862	2
1862.068966	344.8275862	2
2000	344.8275862	2
-2000	275.862069	2
-1862.068966	275.862069	2
-1724.137931	275.862069	2
-1586.206897	275.862069	2
-1448.275862	275.862069	2
-1310.344828	275.862069	2
-1172.413793	275.862069	2
-1034.482759	275.862069	2
-896.5517241	275.862069	2
-758.6206897	275.862069	2
-620.6896552	275.862069	2
-482.7586207	275.862069	2
-344.8275862	275.862069	2
-206.8965517	275.862069	2
-68.96551724	275.862069	2
68.96551724	275.862069	2
206.8965517	275.862069	2
344.8275862	275.862069	2
482.7586207	275.862069	2
620.6896552	275.862069	2
758.6206897	275.862069	2
896.5517241	275.862069	2
1034.482759	275.862069	2
1172.413793	275.862069	2
1310.344828	275.862069	2
1448.275862	275.862069	2
1586.206897	275.862069	2
1724.137931	275.862069	2
1862.068966	275.862069	2
2000	275.862069	2
-2000	206.8965517	2
-1862.068966	206.8965517	2
-1724.137931	206.8965517	2
-1586.206897	206.8965517	2
-1448.275862	206.8965517	2
-1310.344828	206.8965517	2
-1172.413793	206.8965517	2
-1034.482759	206.8965517	2
-896.5517241	206.8965517	2
-758.6206897	206.8965517	2
-620.6896552	206.8965517	2
-482.7586207	206.8965517	2
-344.8275862	206.8965517	2
-206.8965517	206.8965517	2
-68.96551724	206.8965517	2
68.96551724	206.8965517	2
206.8965517	206.8965517	2
344.8275862	206.8965517	2
482.7586207	206.8965517	2
620.6896552	206.8965517	2
758.6206897	206.8965517	2
896.5517241	206.8965517	2
1034.482759	206.8965517	2
1172.413793	206.8965517	2
1310.344828	206.8965517	2
1448.275862	206.8965517	2
1586.206897	206.8965517	2
1724.137931	206.8965517	2
1862.068966	206.8965517	2
2000	206.8965517	2
-2000	137.9310345	2
-1862.068966	137.9310345	2
-1724.137931	137.9310345	2
-1586.206897	137.9310345	2
-1448.275862	137.9310345	2
-1310.344828	137.9310345	2
-1172.413793	137.9310345	2
-1034.482759	137.9310345	2
-896.5517241	137.9310345	2
-758.6206897	137.9310345	2
-620.6896552	137.9310345	2
-482.7586207	137.9310345	2
-344.8275862	137.9310345	2
-206.8965517	137.9310345	2
-68.96551724	137.9310345	2
68.96551724	137.9310345	2
206.8965517	137.9310345	2
344.8275862	137.9310345	2
482.7586207	137.9310345	2
620.6896552	137.9310345	2
758.6206897	137.9310345	2
896.5517241	137.9310345	2
1034.482759	137.9310345	2
1172.413793	137.9310345	2
1310.344828	137.9310345	2
1448.275862	137.9310345	2
1586.206897	137.9310345	2
1724.137931	137.9310345	2
1862.068966	137.9310345	2
2000	137.9310345	2
-2000	68.96551724	2
-1862.068966	68.96551724	2
-1724.137931	68.96551724	2
-1586.206897	68.96551724	2
-1448.275862	68.96551724	2
-1310.344828	68.96551724	2
-1172.413793	68.96551724	2
-1034.482759	68.96551724	2
-896.5517241	68.96551724	2
-758.6206897	68.96551724	2
-620.6896552	68.96551724	2
-482.7586207	68.96551724	2
-344.8275862	68.96551724	2
-206.8965517	68.96551724	2
-68.96551724	68.96551724	2
68.96551724	68.96551724	2
206.8965517	68.96551724	2
344.8275862	68.96551724	2
482.7586207	68.96551724	2
620.6896552	68.96551724	2
758.6206897	68.96551724	2
896.5517241	68.96551724	2
1034.482759	68.96551724	2
1172.413793	68.96551724	2
1310.344828	68.96551724	2
1448.275862	68.96551724	2
1586.206897	68.96551724	2
1724.137931	68.96551724	2
1862.068966	68.96551724	2
2000	68.96551724	2
-2000	0	2
-1862.068966	0	2
-1724.137931	0	2
-1586.206897	0	2
-1448.275862	0	2
-1310.344828	0	2
-1172.413793	0	2
-1034.482759	0	2
-896.5517241	0	2
-758.6206897	0	2
-620.6896552	0	2
-482.7586207	0	2
-344.8275862	0	2
-206.8965517	0	2
-68.96551724	0	2
68.96551724	0	2
206.8965517	0	2
344.8275862	0	2
482.7586207	0	2
620.6896552	0	2
758.6206897	0	2
896.5517241	0	2
1034.482759	0	2
1172.413793	0	2
1310.344828	0	2
1448.275862	0	2
1586.206897	0	2
1724.137931	0	2
1862.068966	0	2
2000	0	2



